678.539
980.111
823.945
887.673
586.788
799.621
156.715
5.950
522.274
787.140
474.288
470.364
576.939
27.320
909.193
737.111
2.569
680.973
12.928
11.246
61.876
819.115
680.912
929.517
967.814
382.694
14.558
666.622
249.776
779.752
932.258
906.819
276.922
249.917
748.316
381.595
341.753
275.579
127.322
964.160
661.137
999.718
791.196
632.791
887.343
822.299
107.110
967.621
238.249
90.316
216.717
229.243
153.735
70.933
680.588
482.527
464.373
202.920
706.505
675.359
418.886
958.396
906.208
59.540
558.438
515.137
182.439
849.860
348.678
839.087
786.595
557.428
684.554
707.348
807.030
4.604
868.280
663.911
349.027
631.423
427.410
893.466
449.675
337.208
187.870
523.122
334.380
766.074
345.854
917.476
966.451
641.359
892.869
119.411
967.184
481.501
639.818
707.167
891.101
788.736
